1. 50
[89, 50, 4, 16, 28, 76, 89, 35, 88, 88, 92, 68, 52, 7, 17, 65, 58, 89, 15, 8, 27, 33, 4, 9, 25, 35, 83, 81, 32, 83, 52, 47, 100, 69, 35, 86, 35, 5, 60, 13, 47, 25, 7, 75, 19, 81, 11, 49, 43, 4]

2. 100
[39, 28, 1, 53, 5, 13, 72, 12, 70, 16, 19, 94, 78, 33, 11, 42, 48, 7, 4, 13, 67, 20, 93, 13, 74, 56, 57, 36, 84, 86, 55, 82, 35, 33, 49, 15, 71, 21, 89, 44, 43, 3, 56, 39, 29, 43, 73, 44, 61, 4, 50, 24, 87, 31, 11, 44, 32, 98, 84, 11, 61, 26, 39, 95, 2, 89, 75, 35, 63, 6, 58, 95, 54, 77, 52, 96, 85, 83, 66, 68, 37, 77, 14, 69, 86, 23, 93, 6, 13, 93, 96, 61, 98, 61, 57, 45, 28, 85, 43, 31]

3. 200
[4, 333, 204, 320, 218, 444, 374, 234, 179, 146, 273, 324, 216, 299, 142, 246, 331, 418, 146, 91, 161, 115, 285, 204, 431, 223, 258, 463, 44, 384, 161, 39, 232, 95, 172, 87, 395, 269, 267, 16, 442, 463, 459, 255, 338, 63, 428, 383, 412, 203, 189, 68, 155, 238, 342, 287, 442, 135, 204, 169, 60, 1, 136, 385, 65, 180, 414, 462, 106, 401, 440, 349, 122, 168, 25, 497, 95, 2, 330, 494, 417, 259, 352, 159, 386, 351, 49, 500, 462, 487, 302, 326, 26, 374, 323, 281, 106, 225, 45, 403, 350, 368, 226, 6, 342, 110, 318, 344, 494, 71, 120, 309, 30, 156, 390, 217, 255, 217, 474, 233, 396, 403, 393, 338, 255, 271, 377, 435, 120, 195, 331, 73, 357, 341, 372, 466, 61, 434, 310, 93, 170, 434, 447, 364, 493, 74, 243, 268, 287, 327, 437, 163, 247, 312, 369, 248, 481, 343, 61, 210, 252, 115, 8, 471, 224, 43, 311, 392, 258, 226, 184, 238, 464, 450, 243, 92, 184, 465, 483, 374, 201, 180, 28, 31, 56, 158, 114, 147, 444, 242, 245, 475, 74, 406, 181, 225, 300, 140, 308, 135]

4. 300
[330, 775, 506, 95, 139, 140, 128, 955, 677, 84, 797, 374, 364, 854, 874, 471, 819, 290, 851, 487, 28, 4, 212, 787, 636, 15, 878, 764, 22, 246, 148, 891, 311, 528, 148, 947, 972, 318, 545, 150, 680, 984, 94, 856, 675, 771, 611, 812, 291, 197, 197, 469, 834, 223, 573, 747, 939, 263, 207, 836, 20, 816, 206, 200, 714, 265, 288, 262, 543, 793, 540, 2, 347, 566, 434, 330, 424, 205, 306, 182, 749, 33, 762, 429, 250, 886, 864, 619, 772, 815, 524, 898, 55, 450, 153, 579, 588, 929, 840, 997, 830, 778, 197, 84, 894, 270, 981, 49, 847, 252, 670, 289, 699, 877, 853, 695, 232, 748, 689, 800, 827, 127, 85, 943, 993, 63, 144, 856, 452, 801, 801, 562, 831, 76, 481, 167, 614, 685, 241, 426, 763, 140, 798, 818, 54, 698, 260, 564, 589, 86, 663, 334, 55, 147, 267, 59, 596, 105, 936, 439, 446, 994, 946, 1000, 302, 157, 380, 382, 102, 708, 215, 520, 314, 415, 632, 964, 442, 704, 979, 913, 540, 460, 454, 319, 607, 459, 845, 289, 44, 409, 441, 912, 864, 593, 779, 901, 475, 438, 273, 316, 706, 499, 168, 383, 972, 71, 225, 186, 548, 969, 133, 440, 241, 815, 416, 531, 112, 909, 813, 446, 221, 527, 697, 624, 883, 890, 52, 82, 916, 256, 762, 50, 85, 749, 503, 37, 104, 371, 104, 882, 580, 456, 351, 398, 636, 769, 67, 932, 742, 909, 226, 418, 19, 991, 802, 371, 110, 307, 856, 202, 356, 55, 752, 450, 452, 556, 638, 590, 262, 637, 10, 887, 418, 477, 77, 750, 750, 621, 665, 493, 303, 16, 930, 265, 51, 516, 36, 993, 823, 355, 476, 507, 964, 713, 26, 863, 608, 89, 795, 276]

5. 400
[798, 517, 575, 369, 792, 980, 720, 8, 766, 188, 927, 383, 248, 235, 727, 305, 41, 615, 897, 52, 726, 849, 270, 852, 328, 766, 640, 448, 570, 368, 434, 597, 452, 551, 2, 939, 872, 826, 326, 620, 813, 772, 638, 690, 802, 935, 841, 418, 573, 840, 919, 956, 434, 287, 855, 109, 246, 586, 380, 370, 37, 503, 149, 743, 169, 433, 461, 93, 696, 351, 456, 132, 438, 875, 128, 184, 657, 978, 973, 928, 939, 463, 653, 324, 83, 407, 234, 266, 602, 501, 926, 527, 867, 441, 349, 368, 963, 983, 529, 211, 578, 753, 385, 28, 795, 134, 649, 188, 455, 749, 821, 754, 122, 125, 196, 323, 230, 127, 87, 964, 320, 686, 186, 960, 291, 87, 713, 437, 343, 449, 711, 200, 123, 80, 465, 430, 313, 95, 978, 393, 994, 9, 202, 24, 735, 843, 184, 536, 481, 795, 59, 716, 364, 535, 86, 106, 984, 811, 641, 619, 844, 462, 665, 234, 139, 377, 431, 307, 196, 972, 436, 867, 51, 814, 754, 740, 801, 256, 147, 839, 193, 683, 287, 780, 864, 250, 439, 67, 363, 773, 949, 506, 46, 761, 803, 600, 552, 25, 412, 256, 801, 333, 431, 309, 685, 545, 103, 774, 857, 402, 545, 965, 820, 501, 100, 527, 443, 652, 548, 204, 678, 632, 582, 614, 682, 565, 798, 523, 415, 203, 31, 280, 689, 50, 502, 466, 332, 717, 537, 250, 183, 574, 319, 383, 272, 862, 916, 129, 834, 27, 35, 1000, 161, 698, 858, 311, 664, 299, 581, 471, 819, 941, 410, 107, 762, 787, 610, 167, 294, 324, 490, 762, 945, 28, 928, 104, 582, 122, 789, 912, 466, 893, 468, 489, 458, 603, 423, 877, 314, 6, 741, 522, 372, 80, 71, 561, 856, 317, 368, 959, 927, 735, 227, 377, 689, 550, 687, 961, 131, 862, 942, 986, 530, 649, 733, 879, 217, 659, 417, 902, 806, 242, 839, 864, 817, 87, 949, 543, 373, 377, 333, 999, 573, 141, 694, 680, 365, 759, 276, 412, 774, 542, 576, 895, 313, 636, 864, 174, 395, 610, 143, 466, 296, 779, 246, 847, 393, 132, 678, 1, 645, 532, 782, 686, 546, 851, 835, 824, 847, 780, 235, 462, 136, 108, 803, 327, 576, 372, 705, 235, 531, 794, 576, 436, 408, 561, 204, 29, 852, 785, 780, 829, 409, 763, 143, 315, 589, 565, 197, 312]

6. 500
[559, 134, 805, 585, 704, 518, 164, 354, 596, 993, 861, 402, 567, 807, 570, 441, 565, 131, 886, 620, 478, 686, 374, 950, 169, 193, 881, 699, 948, 942, 279, 132, 774, 236, 329, 550, 558, 337, 500, 149, 953, 78, 177, 527, 249, 116, 20, 596, 151, 872, 619, 680, 30, 766, 952, 639, 68, 824, 709, 916, 21, 918, 758, 448, 652, 311, 921, 494, 293, 622, 482, 865, 733, 440, 849, 492, 480, 464, 886, 14, 726, 366, 476, 953, 470, 818, 537, 668, 365, 691, 179, 570, 959, 192, 353, 616, 984, 84, 973, 537, 108, 16, 354, 370, 90, 230, 517, 490, 938, 880, 458, 976, 891, 681, 660, 717, 320, 844, 183, 945, 379, 953, 79, 754, 262, 82, 184, 630, 923, 115, 833, 551, 381, 310, 288, 782, 648, 145, 377, 916, 185, 165, 514, 396, 586, 660, 257, 896, 155, 316, 476, 261, 818, 426, 925, 182, 828, 354, 912, 631, 871, 610, 219, 198, 943, 144, 858, 761, 269, 293, 58, 894, 916, 619, 507, 120, 923, 559, 685, 770, 523, 31, 183, 779, 512, 967, 68, 4, 603, 678, 957, 337, 255, 125, 63, 647, 788, 291, 237, 109, 309, 344, 545, 155, 692, 810, 360, 352, 732, 20, 501, 783, 954, 636, 996, 486, 421, 776, 654, 451, 697, 89, 811, 563, 550, 909, 855, 666, 798, 236, 961, 652, 157, 539, 10, 874, 326, 745, 861, 320, 522, 211, 567, 666, 866, 696, 441, 337, 126, 563, 113, 385, 783, 224, 645, 199, 33, 391, 89, 21, 76, 260, 721, 297, 548, 976, 575, 662, 422, 532, 926, 119, 391, 523, 779, 400, 861, 365, 225, 970, 645, 559, 786, 871, 824, 745, 410, 129, 965, 789, 711, 318, 4, 571, 590, 195, 768, 977, 639, 989, 334, 927, 348, 626, 658, 797, 548, 418, 432, 914, 534, 781, 699, 884, 146, 177, 220, 952, 514, 771, 699, 304, 257, 57, 816, 542, 914, 883, 380, 260, 2, 101, 479, 387, 109, 416, 435, 970, 264, 478, 566, 667, 171, 737, 490, 809, 30, 645, 856, 390, 184, 323, 396, 250, 710, 783, 627, 276, 258, 364, 927, 963, 622, 181, 685, 534, 136, 23, 50, 446, 27, 210, 342, 208, 915, 425, 996, 142, 877, 355, 671, 297, 776, 282, 148, 443, 30, 3, 988, 390, 725, 356, 790, 932, 841, 847, 878, 808, 353, 274, 573, 81, 151, 880, 623, 545, 724, 993, 66, 316, 805, 101, 792, 792, 508, 332, 223, 846, 615, 185, 93, 942, 790, 670, 798, 1000, 861, 234, 738, 53, 318, 584, 910, 720, 484, 375, 972, 185, 758, 273, 896, 751, 7, 827, 328, 193, 109, 234, 403, 547, 689, 810, 784, 793, 399, 124, 469, 941, 479, 165, 455, 803, 334, 337, 33, 620, 511, 237, 326, 880, 414, 781, 422, 648, 396, 836, 828, 862, 176, 42, 31, 662, 774, 915, 840, 61, 271, 941, 873, 104, 742, 212, 216, 605, 160, 705, 367, 108, 75, 497]